 2396.09590
 3279.86855
33471.97189
13405.39030
 9715.84100
 7954.51700
 6610.10970
13217.09450
27375.90478
12032.32600
 3732.62510
14901.51670
 4661.28635
 5327.40025
 9866.30485
 2721.32080
 9877.60770
12629.16560
 4237.12655
 7624.63000
22192.43711
10965.44600
47269.85400
12644.58900
 1256.29900
 1621.34020
21978.67690
 9411.00500
 2155.68150
 9863.47180
11454.02150
 6356.27070
 1708.00140
 1748.77400
48970.24760
36950.25670
 2459.72010
 4296.27120
 5124.18870
 3554.20300
16069.08475
 2643.26850
 4571.41305
13451.12200
37270.15120
12105.32000
15006.57945
 9788.86590
 2250.83520
 4134.08245
21223.67580
12475.35130
48673.55880
18218.16139
 8988.15875
 5031.26955
12638.19500
22144.03200
23045.56616
 7162.01220
 6250.43500
11944.59435
 5383.53600
 6500.23590
 8605.36150
 5209.57885
13019.16105
 3070.80870
15161.53440
 8823.27900
14256.19280
 7133.90250
 5312.16985
 3906.12700
 6373.55735
 8017.06115
 1972.95000
11842.44200
38998.54600
 8026.66660
11737.84884
18804.75240
24059.68019
23065.42070
 8569.86180
16138.76205
44400.40640
 3172.01800
 7742.10980
 6185.32080
62592.87309
23241.47453
40932.42950
17179.52200
42760.50220
 5478.03680
33732.68670
 5989.52365
10594.22570
10370.91255
 6600.36100
 8615.30000
 6360.99360
 4357.04365
 2585.26900
11658.37915
 1622.18850
 3309.79260
16085.12750
 6117.49450
12479.70895
23082.95533
11396.90020
 9414.92000
 1720.35370
47928.03000
 1534.30450
 7421.19455
12950.07120
11033.66170
 6082.40500
 8062.76400
 6112.35295
 1702.45530
 8116.68000
17626.23951
11837.16000
38344.56600
 1731.67700
 5148.55260
11363.28320
10600.54830
13429.03540
24603.04837
27322.73386
42303.69215
42112.23560
41676.08110
44202.65360
 3490.54910
11945.13270
22462.04375
 5272.17580
 2166.73200
 6457.84340
12094.47800
19515.54160
 1633.96180
 2523.16950
11566.30055
 5969.72300
 4074.45370
 6600.20595
 1242.81600
32548.34050
 5469.00660
 6067.12675
 3171.61490
 5375.03800
 8823.98575
 7633.72060
 7144.86265
10096.97000
12890.05765
 7986.47525
36189.10170
 5976.83110
10601.41200
12982.87470
10065.41300
24671.66334
 2534.39375
 4350.51440
 8671.19125
39725.51805
12643.37780
48173.36100
35585.57600
35160.13457
 1263.24900
 1628.47090
 1261.44200
 8444.47400
36124.57370
 8596.82780
 3366.66970
 9447.38240
10959.33000
22395.74424
 3943.59540
21984.47061
11881.35800
 9910.35985
 5261.46945
 2438.05520
26018.95052
14410.93210
33475.81715
21659.93010
 2902.90650
 1769.53165
 3972.92470
34838.87300
 2897.32350
 1149.39590
19023.26000
 4667.60765
 4340.44090
 2639.04290
 3756.62160
 6186.12700
 8968.33000
 9704.66805
 1977.81500
12235.83920
13112.60480
 2727.39510
 4433.38770
44501.39820
40182.24600
33907.54800
12797.20962
24227.33724
 3761.29200
10579.71100
13457.96080
12957.11800
14235.07200
10072.05505
 6389.37785
 7537.16390
 8162.71625
 1826.84300
10085.84600
 4719.52405
 9249.49520
 4753.63680
 8342.90875
 2304.00220
18223.45120
12523.60480
23401.30575
11743.93410
 3292.52985
 9861.02500
 5116.50040
10493.94580
 1241.56500
38792.68560
 9617.66245
 9724.53000
13844.50600
 4449.46200
 8240.58960
 1737.37600
13129.60345
 5425.02335
 7371.77200
36580.28216
12268.63225
 2913.56900
 3577.99900
 8733.22925
 3558.62025
 2585.85065
10156.78320
43921.18370
14001.13380
12142.57860
 3556.92230
 2331.51900
16420.49455
47496.49445
 6393.60345
 5002.78270
 7740.33700
 8965.79575
 2566.47070
11741.72600
10807.48630
14358.36437
20630.28351
 2322.62180
 5397.61670
29186.48236
27218.43725
 5227.98875
19214.70553
19521.96820
24667.41900
 9630.39700
 3736.46470
 8606.21740
30184.93670
 1815.87590
 1137.46970
22331.56680
 1607.51010
 3857.75925
 4234.92700
10713.64400
 4005.42250
10825.25370
13887.96850
28101.33305
 7147.10500
 9541.69555
 8627.54110
23807.24060
 7046.72220
 2136.88225
 2632.99200
 6496.88600
 7419.47790
 2045.68525
 9386.16130
 4441.21315
 9748.91060
 4915.05985
 3056.38810
 2154.36100
15555.18875
10407.08585
 1832.09400
 4151.02870
39047.28500
11299.34300
19144.57652
10226.28420
 1877.92940
 2904.08800
17361.76610
 9487.64420
23563.01618
33307.55080
 6358.77645
10806.83900
12265.50690
 3227.12110
 3176.81590
19444.26580
 8269.04400
46255.11250
19442.35350
20420.60465
 9101.79800
 4040.55825
 9549.56510
 4320.41085
 6799.45800
47291.05500
46130.52650
13770.09790
20009.63365
 5910.94400
 7345.08400
 2020.17700
10106.13425
27533.91290
 1532.46970
39836.51900
 1242.26000
37165.16380
11840.77505
 7209.49180
35069.37452
 2254.79670
 1141.44510
13974.45555
 3260.19900
 4670.64000
 6238.29800
17904.52705
 5003.85300
 8547.69130
 8703.45600
 4536.25900
30166.61817
48549.17835
34672.14720
17352.68030
34779.61500
 5138.25670
18648.42170
36085.21900
 8601.32930
34472.84100
12829.45510
 7147.47280
28923.13692
 4762.32900
13047.33235
 5709.16440
 4618.07990
11150.78000
 8551.34700
 3935.17990
10381.47870
 8515.75870
20745.98910
 6837.36870
12224.35085
27346.04207
10436.09600
34828.65400
 7985.81500
27117.99378
17043.34140
12979.35800
10795.93733
 7281.50560
29330.98315
45710.20785
 1704.70015
 9620.33070
 9144.56500
 6849.02600
 4718.20355
 1121.87390
11520.09985
 3353.47030
 7639.41745
39727.61400
12347.17200
18972.49500
11482.63485
46661.44240
11013.71190
 7348.14200
 4747.05290
 4738.26820
14043.47670
23967.38305
 2689.49540
45008.95550
 7358.17565
18963.17192
 3537.70300
 6571.02435
10959.69470
 9869.81020
 4399.73100
37484.44930
26140.36030
 2680.94930
 1632.56445
 4992.37640
 6652.52880
10702.64240
 3077.09550
 6198.75180
 5974.38470
 9850.43200
 8334.45755
11856.41150
16884.92400
10043.24900
10704.47000
28868.66390
 2261.56880
26467.09737
 3208.78700
12233.82800
 3989.84100
 1694.79640
 7512.26700
 3385.39915
11674.13000
48675.51770
 2457.50200
 2026.97410
11931.12525
 1631.82120
 4428.88785
 2134.90150
47305.30500
17663.14420
13616.35860
 6746.74250
40974.16490
 3561.88890
33900.65300
 2480.97910
13470.86000
14571.89080
 3180.51010
 1967.02270
 6059.17300
41919.09700
46599.10840
 5028.14660
 2775.19215
27724.28875
12044.34200
18767.73770
 7518.02535
 4827.90495
 5855.90250
 8527.53200
 5246.04700
 5240.76500
10577.08700
 8457.81800
24513.09126
11946.62590
 8347.16430
13635.63790
26125.67477
26392.26029
 6710.19190
 9447.25035
 8520.02600
10450.55200
11163.56800
 9500.57305
17496.30600
11253.42100
43753.33705
 4949.75870
 2352.96845
 2867.11960
39774.27630
11552.90400
 3471.40960
19673.33573
 5472.44900
 9880.06800
23288.92840
 6203.90175
 5584.30570
12622.17950
 4673.39220
20709.02034
13430.26500
 6796.86325
 2899.48935
 5846.91760
 9583.89330
10848.13430
13725.47184
 4686.38870
20462.99766
 2217.46915
 1727.78500
26109.32905
 7526.70645
 5488.26200
 6455.86265
10602.38500
 4433.91590
 8891.13950
 2709.24395
 2974.12600
 7640.30920
 4504.66240
 7265.70250
15019.76005
30063.58055
12928.79110
20234.85475
 3201.24515
 8116.26885
11345.51900
15612.19335
40419.01910
38415.47400
 1136.39940
 7243.81360
28468.91901
11538.42100
10928.84900
34806.46770
44585.45587
 4883.86600
11881.96960
 9290.13950
12485.80090
 2416.95500
 1163.46270
 6781.35420
28950.46920
18033.96790
14455.64405
 7726.85400
 4415.15880
14394.55790
36197.69900
43813.86610
 5267.81815
23306.54700
11488.31695
18608.26200
11070.53500
 9283.56200
14283.45940
11082.57720
10601.63225
21595.38229
24535.69855
17128.42608
 8211.10020
 4462.72180
15828.82173
 6548.19505
27808.72510
 8522.00300
 3378.91000
 3847.67400
 6272.47720
36021.01120
 6128.79745
 9140.95100
 1664.99960
 7160.33030
14590.63205
24915.22085
 6555.07035
 8068.18500
10231.49990
 6474.01300
 7222.78625
 2104.11340
16232.84700
42111.66470
 6940.90985
19749.38338
 8978.18510
 5400.98050
11394.06555
13822.80300
10197.77220
 1837.23700
11362.75500
 2866.09100
 6933.24225
 4435.09420
19350.36890
 4529.47700
21774.32215
 4846.92015
 5253.52400
 8538.28845
 4454.40265
15820.69900
11657.71890
 5428.72770
 3994.17780
19040.87600
 1137.01100
 8944.11510
14007.22200
24180.93350
49577.66240
 2207.69745
36898.73308
18955.22017
 4906.40965
21677.28345
 2483.73600
14382.70905
37133.89820
11884.04858
11286.53870
 5729.00530
 4438.26340
 5920.10410
17178.68240
 9625.92000
40273.64550
21098.55405
 4243.59005
 4518.82625
19964.74630
11356.66090
 7153.55390
 2007.94500
 5662.22500
12913.99240
12730.99960
 8930.93455
 6775.96100
42856.83800
10214.63600
19719.69470
 1615.76670
 1253.93600
 1515.34490
 1646.42970
19107.77960
20149.32290
36910.60803
 2103.08000
 1906.35825
 9361.32680
 9391.34600
16115.30450
 7623.51800
15170.06900
 3956.07145
17081.08000
 1252.40700
13393.75600
11381.32540
20878.78443
18246.49550
 2205.98080
47462.89400
34303.16720
17468.98390
 1917.31840
 5266.36560
 6686.43130
 4058.71245
10982.50130
 4837.58230
17560.37975
 2709.11190
 3481.86800
 7441.05300
 3410.32400
 7445.91800
32108.66282
 8219.20390
11576.13000
 3393.35635
 1635.73365
39722.74620
10118.42400
 6653.78860
 7261.74100
 1639.56310
21344.84670
 3866.85520
 3659.34600
 2219.44510
23568.27200
36219.40545
14349.85440
 8442.66700
28287.89766
21232.18226
 9222.40260
24520.26400
 6402.29135
 2055.32490
 2362.22905
12646.20700
13352.09980
25309.48900
 8124.40840
 1842.51900
10115.00885
13126.67745
13224.05705
10976.24575
42560.43040
 2211.13075
 8023.13545
16657.71745
 5377.45780
 2497.03830
 2527.81865
12244.53100
 1631.66830
 2498.41440
 4894.75330
36837.46700
11244.37690
 1625.43375
 8125.78450
39597.40720
 4934.70500
 8539.67100
13462.52000
 8825.08600
36307.79830
24476.47851
 6414.17800
10461.97940
 7077.18940
14474.67500
24106.91255
 6748.59120
 7729.64575
45702.02235
 2741.94800
 2395.17155
 9634.53800
13470.80440
 4500.33925
36397.57600
12557.60530
 5484.46730
21472.47880
25678.77845
11735.87905
24873.38490
 4931.64700
14426.07385
18903.49141
 5699.83750
 8413.46305
39871.70430
35147.52848
15518.18025
10797.33620
12096.65120
 3268.84665
14394.39815
16776.30405
 8798.59300
 7050.02130
 2730.10785
 3277.16100
11879.10405
11848.14100
11987.16820
14451.83515
 5926.84600
46718.16325
 9225.25640
 2302.30000
19539.24300
 7325.04820
 2201.09710
11289.10925
11272.33139
26236.57997
20167.33603
 6666.24300
 7727.25320
34166.27300
 4058.11610
14313.84630
21348.70600
12609.88702
 1621.88270
 3704.35450
 6282.23500
 5257.50795
 6334.34355
 6640.54485
11455.28000
14254.60820
30942.19180
43943.87610
13844.79720
37742.57570
 7789.63500
10269.46000
20984.09360
34254.05335
 6406.41070
12124.99240
11554.22360
 1969.61400
 4260.74400
 2221.56445
11093.62290
 2789.05740
26926.51440
12129.61415
 6184.29940
40941.28540
24869.83680
 5125.21570
 1744.46500
32787.45859
13143.33665
 6770.19250
13390.55900
 6289.75490
48885.13561
 5373.36425
40720.55105
14692.66935
 3875.73410
11305.93455
 6435.62370
11165.41765
 3981.97680
10791.96000
39241.44200
18157.87600
14210.53595
19199.94400
 8516.82900
 4877.98105
 9855.13140
 2156.75180
41661.60200
 9264.79700
 2257.47525
13012.20865
 4402.23300
12648.70340
14478.33015
 4544.23480
11015.17470
 8302.53565
 1875.34400
25081.76784
13143.86485
 1725.55230
 4646.75900
 3500.61230
 4189.11310
 4527.18295
 7650.77375
20296.86345
37079.37200
 3176.28770
27037.91410
 4795.65680
10435.06525
12430.95335
 1727.54000
 1759.33800
11365.95200
 7173.35995
 2464.61880
14449.85440
 4266.16580
 6123.56880
 8765.24900
 8334.58960
40103.89000
58571.07448
11512.40500
18328.23810
38245.59327
 1981.58190
 6196.44800
18838.70366
 3062.50825
10325.20600
 9563.02900
 3766.88380
35595.58980
 9058.73030
 3757.84480
 8782.46900
10422.91665
22493.65964
11743.29900
 8964.06055
18310.74200
 3392.36520
16586.49771
 7050.64200
11938.25595
 6877.98010
 4466.62140
 6753.03800
 3353.28400
 6664.68595
 4766.02200
22412.64850
 7731.85785
 4185.09790
22218.11490
 1909.52745
17929.30337
 2927.06470
18259.21600
 2130.67590
 2457.21115
 9288.02670
 3046.06200
12495.29085
 7443.64305
16455.70785
47896.79135
14418.28040
 2138.07070
15359.10450
 2200.83085
11353.22760
 1712.22700
 5630.45785
25656.57526
14711.74380
39611.75770
 2850.68375
 7045.49900
 2196.47320
27000.98473
 5325.65100
 9095.06825
10355.64100
 2731.91220
 2102.26470
 6311.95200
13937.66650
 9875.68040
 1704.56810
 3987.92600
21797.00040
 2842.76075
 9282.48060
 7418.52200
 8871.15170
36149.48350
19361.99880
 8083.91980
 5385.33790
 8582.30230
 2128.43105
42211.13820
16450.89470
10338.93160
 4337.73520
51194.55914
 6986.69700
 3044.21330
19496.71917
10942.13205
 1634.57340
 2801.25880
 7448.40395
 5354.07465
11090.71780
 9722.76950
 9174.13565
30284.64294
 4830.63000
12323.93600
13228.84695
 8252.28430
 7228.21565
 4719.73655
 1880.48700
 2494.02200
21259.37795
 5438.74910
41034.22140
 4922.91590
 7804.16050
 2020.55230
11763.00090
 4076.49700
25382.29700
15817.98570
 8556.90700
44260.74990
 4149.73600
 7682.67000
 8603.82340
 2803.69785
41999.52000
 5415.66120
 1261.85900
28476.73499
13981.85035
27941.28758
12815.44495
 5966.88740
40904.19950
11073.17600
48517.56315
 3238.43570
13224.69300
 1705.62450
21880.82000
44641.19740
 3693.42800
 1964.78000
 7151.09200
 5836.52040